inc_signals <-
structure(c(1542486461.88734, 1542486484.44058, 1542486519.90495, 
1542486526.46316, 1542486552.82009, 1542486559.94768, 1542486566.34603, 
1542486574.29624, 1542486583.92485, 1542486587.28229, 1542486598.19897, 
1542486602.70977, 1542486605.2149, 1542486615.78305, 1542486619.21561, 
1542486620.2637, 1542486624.97579, 1542486628.77584, 1542486629.03833, 
1542486633.72277, 1542486634.23499, 1542486636.11576, 1542486647.38984, 
1542486649.53193, 1542486669.05616, 1542486671.76003, 1542486676.29371, 
1542486686.60636, 1542486686.97468, 1542486687.05159, 1542486690.20581, 
1542486698.29472, 1542486698.9064, 1542486700.41876, 1542486707.16703, 
1542486707.22435, 1542486708.28766, 1542486728.79925, 1542486748.32238, 
1542486752.49645, 1542486831.14925, 1542486902.02447, 1542486910.72369, 
1542486919.11491, 1542486967.04239, 1542486969.70641, 1542486973.94423, 
1542486982.9987, 1542487007.43461, 1542487007.50058, 1542487060.45204, 
1542487085.32993, 1542487092.18261, 1542487094.40022, 1542487101.14879, 
1542487110.1735, 1542487111.30091, 1542487118.6799, 1542487119.93133, 
1542487121.01804, 1542487123.75945, 1542487131.99104, 1542487132.44736, 
1542487137.56511, 1542487140.31093, 1542487146.71429, 1542487149.11492, 
1542487155.27355, 1542487155.68426, 1542487163.62171, 1542487163.77547, 
1542487165.13253, 1542487165.39243, 1542487166.03624, 1542487168.35269, 
1542487173.92621, 1542487174.10034, 1542487175.83581, 1542487175.91319, 
1542487176.62247, 1542487176.67801, 1542487176.82834, 1542487177.79401, 
1542487178.61043, 1542487186.01669, 1542487186.39812, 1542487187.27504, 
1542487187.90992, 1542487189.13852, 1542487189.82349, 1542487192.37442, 
1542487193.45768, 1542487193.60598, 1542487195.03496, 1542487195.14557, 
1542487195.38864, 1542487196.55817, 1542487196.77096, 1542487197.25753, 
1542487198.35568, 1542487198.88193, 1542487199.20982, 1542487199.48755, 
1542487199.56641, 1542487201.21118, 1542487201.50279, 1542487202.58438, 
1542487203.22371, 1542487203.92872, 1542487204.0056, 1542487204.08, 
1542487204.35677, 1542487206.09922, 1542487206.82982, 1542487207.15074, 
1542487207.72858, 1542487207.80545, 1542487208.66155, 1542487209.6476, 
1542487214.69591, 1542487216.51028, 1542487218.62222, 1542487219.68269, 
1542487222.66759, 1542487223.01928, 1542487227.41728, 1542487228.19897, 
1542487234.72682, 1542487241.66735, 1542487243.23474, 1542487255.12927, 
1542487268.82779, 1542487280.62414, 1542487282.94545, 1542487285.11991, 
1542487289.44153), class = c("POSIXct", "POSIXt"))
out_signals <-
structure(1542487137.56511, class = c("POSIXct", "POSIXt"))
result <-
structure(list(problems = structure(list(time = structure(logical(0), class = c("POSIXct", 
"POSIXt")), problem = character(0)), .Names = c("time", "problem"
), row.names = integer(0), class = "data.frame"), n_signals = 1, 
    penalty = 0, score = 100), .Names = c("problems", "n_signals", 
"penalty", "score"))
