event_data <-
structure(list(time = structure(c(1541883949.49923, 1541883949.49923, 
1541883949.69849, 1541883954.1695, 1541883954.91954, 1541883956.7351, 
1541883961.67142, 1541883965.58574, 1541883966.47698, 1541883966.47698, 
1541883966.78965, 1541883970.24874, 1541883970.57406, 1541883971.85999, 
1541883976.11927, 1541883978.55007, 1541883979.44757, 1541883979.44757, 
1541883979.76107, 1541883981.83063, 1541883982.26788, 1541883983.89052, 
1541883985.82531, 1541883987.85175, 1541883988.75445, 1541883988.75445, 
1541883989.06482, 1541883991.89625, 1541883991.96691, 1541883993.2808, 
1541883995.63889, 1541883997.90605, 1541883999.0021, 1541883999.0021, 
1541883999.30491, 1541884004.40634, 1541884005.29316, 1541884008.15225, 
1541884011.17593, 1541884013.37777, 1541884014.27581, 1541884014.29127, 
1541884014.57547, 1541884018.56729, 1541884019.61349, 1541884020.97872, 
1541884023.19057, 1541884024.62977, 1541884025.53004, 1541884025.53004, 
1541884025.82907, 1541884026.99829, 1541884027.81308, 1541884029.46484, 
1541884033.31946, 1541884037.83045, 1541884038.72232, 1541884038.72232, 
1541884039.03191, 1541884044.99743, 1541884045.36668, 1541884046.76925, 
1541884049.38436, 1541884053.4185, 1541884054.32141, 1541884054.32141, 
1541884054.60984, 1541884056.40128, 1541884057.906, 1541884059.55239, 
1541884064.97352, 1541884066.97951, 1541884067.87336, 1541884067.87336, 
1541884068.17559, 1541884072.04703, 1541884072.26987, 1541884073.85591, 
1541884077.66115, 1541884078.39034, 1541884079.53128, 1541884079.53128, 
1541884079.56557, 1541884083.60052, 1541884083.67614, 1541884084.77196, 
1541884087.39364, 1541884088.31252, 1541884089.22043, 1541884089.22339, 
1541884089.51405, 1541884094.85298, 1541884098.26524, 1541884099.55252, 
1541884103.20463, 1541884105.0045, 1541884105.90133, 1541884105.90133, 
1541884106.19496, 1541884109.45346, 1541884113.01844, 1541884114.47388, 
1541884116.16174, 1541884117.65217, 1541884118.54836, 1541884118.54836, 
1541884118.85003, 1541884121.23655, 1541884121.23655, 1541884123.18103, 
1541884126.84342, 1541884128.32517, 1541884129.21535, 1541884129.21535, 
1541884129.5163, 1541884135.82387, 1541884136.77376, 1541884138.37066, 
1541884142.15029, 1541884143.95224, 1541884144.85431, 1541884144.85431, 
1541884145.14801, 1541884148.55749, 1541884154.81267, 1541884156.70811, 
1541884159.91784, 1541884161.72068, 1541884162.61661, 1541884162.61661, 
1541884162.90863, 1541884164.28911, 1541884165.03146, 1541884166.78894, 
1541884170.78036, 1541884174.26621, 1541884175.16082, 1541884175.1668, 
1541884175.46082, 1541884180.51232, 1541884180.51519, 1541884181.81218, 
1541884184.77969, 1541884190.16865, 1541884191.06349, 1541884191.06648, 
1541884191.36419, 1541884196.70735, 1541884197.52368, 1541884199.61842, 
1541884202.34317, 1541884204.3746, 1541884205.27564, 1541884205.27841, 
1541884205.57287, 1541884211.13763, 1541884212.36739, 1541884213.75371, 
1541884217.44575, 1541884219.88835, 1541884220.79193, 1541884220.79592, 
1541884221.10349, 1541884226.49581, 1541884226.56389, 1541884228.3794, 
1541884232.43972, 1541884235.57383, 1541884236.46953, 1541884236.47442, 
1541884236.76978, 1541884243.93983, 1541884243.93983, 1541884245.22534, 
1541884247.05934, 1541884248.95909, 1541884249.84216, 1541884249.85778, 
1541884250.15494, 1541884253.49499, 1541884254.13155, 1541884255.64133, 
1541884259.61381, 1541884263.63061, 1541884264.52973, 1541884264.53172, 
1541884264.8272, 1541884269.53364, 1541884272.99042, 1541884274.24015, 
1541884279.43861, 1541884281.66973, 1541884282.55903, 1541884282.55903, 
1541884282.85605, 1541884288.91941, 1541884288.91941, 1541884290.59481, 
1541884293.43857, 1541884295.90839, 1541884296.80274, 1541884296.80274, 
1541884297.10622, 1541884301.19625, 1541884302.3641, 1541884303.88455, 
1541884305.74348, 1541884307.49822, 1541884308.39935, 1541884308.4148, 
1541884308.69189, 1541884312.82669, 1541884314.71928, 1541884316.44457, 
1541884320.21478, 1541884321.71317, 1541884322.60705, 1541884322.60705, 
1541884322.91628, 1541884329.7416, 1541884331.42684, 1541884332.50675, 
1541884336.37802, 1541884338.06911, 1541884338.95758, 1541884338.9732, 
1541884339.26204, 1541884343.81281, 1541884344.88654, 1541884346.23115, 
1541884348.13566, 1541884349.42676, 1541884350.32556, 1541884350.32556, 
1541884350.62916, 1541884356.69167, 1541884359.6363, 1541884361.058, 
1541884363.71344, 1541884364.55794, 1541884365.46924, 1541884365.47123, 
1541884365.75963, 1541884369.24481, 1541884369.88248, 1541884371.3313, 
1541884372.75761, 1541884375.61381, 1541884376.50419, 1541884376.50419, 
1541884376.80661, 1541884380.88421, 1541884382.02091, 1541884383.40059, 
1541884386.34547, 1541884387.74195, 1541884388.64512, 1541884388.64512, 
1541884388.94213, 1541884394.02761, 1541884395.03712, 1541884396.48783, 
1541884399.42827, 1541884401.55234, 1541884402.46268, 1541884402.46268, 
1541884402.73952, 1541884405.9229, 1541884407.04552, 1541884408.69471, 
1541884410.40028, 1541884411.68959, 1541884412.59304, 1541884412.59304, 
1541884412.88413, 1541884415.29943, 1541884415.49867, 1541884417.03071, 
1541884422.61537, 1541884423.19683, 1541884424.09024, 1541884424.09224, 
1541884424.39021, 1541884430.29288, 1541884430.51544, 1541884432.25399, 
1541884434.28793, 1541884437.95016, 1541884438.80892, 1541884438.8267, 
1541884439.12391, 1541884444.37646, 1541884446.4712, 1541884448.14538, 
1541884451.82282, 1541884454.70303, 1541884455.58654, 1541884455.58654, 
1541884455.90271, 1541884461.14213, 1541884462.44803, 1541884464.25327, 
1541884469.03501, 1541884470.12813, 1541884471.02423, 1541884471.02423, 
1541884471.33706, 1541884474.12029, 1541884474.67991, 1541884475.89866, 
1541884478.35131, 1541884480.04331, 1541884480.93396, 1541884480.93396, 
1541884481.24445, 1541884485.80517, 1541884487.6699, 1541884490.0644, 
1541884493.06123, 1541884495.91945, 1541884496.81084, 1541884496.81084, 
1541884497.11134, 1541884502.90327, 1541884502.90614, 1541884504.52565, 
1541884507.56462, 1541884508.63255, 1541884509.51054, 1541884509.51054, 
1541884509.81317, 1541884516.09271, 1541884517.4815, 1541884519.03011, 
1541884520.76111, 1541884523.05045, 1541884523.96615, 1541884523.96905, 
1541884524.25811, 1541884529.6472, 1541884529.89643, 1541884530.8973, 
1541884535.12067, 1541884537.03433, 1541884537.92759, 1541884537.92759, 
1541884538.22949, 1541884542.67041, 1541884542.98461, 1541884544.0916, 
1541884546.06047, 1541884547.38436, 1541884548.28844, 1541884548.3039, 
1541884548.57783, 1541884554.72866, 1541884556.27744, 1541884557.67577, 
1541884560.4303, 1541884562.95997), class = c("POSIXct", "POSIXt"
)),