received_data <-
structure(list(time = structure(c(1541274247.18032, 1541274248.38354, 
1541274250.34908, 1541274251.31713, 1541274253.44326, 1541274255.15771, 
1541274255.17643, 1541274255.828, 1541274256.30665, 1541274257.14671, 
1541274257.44779, 1541274259.61373, 1541274260.41704, 1541274262.55582, 
1541274264.15888, 1541274264.44344, 1541274265.04472, 1541274265.39254, 
1541274265.74604, 1541274267.16607, 1541274267.16607, 1541274267.33217, 
1541274267.83185, 1541274274.73865, 1541274274.75414, 1541274275.23364, 
1541274275.49711, 1541274275.89902, 1541274276.81594, 1541274280.87859, 
1541274281.19452, 1541274284.16786, 1541274284.80562, 1541274285.07109, 
1541274286.64237, 1541274289.56305, 1541274290.47094, 1541274291.1376, 
1541274293.75608, 1541274294.50596, 1541274294.6861, 1541274295.93282, 
1541274296.11121, 1541274296.27554, 1541274296.56586, 1541274296.58135, 
1541274298.67686, 1541274300.59526, 1541274300.97657, 1541274302.41142, 
1541274302.41142, 1541274302.98136, 1541274303.50409, 1541274305.37256, 
1541274305.92663, 1541274308.25328, 1541274308.6787, 1541274310.49695, 
1541274310.74315, 1541274310.78837, 1541274311.52103, 1541274312.33122, 
1541274313.98827, 1541274314.15885, 1541274316.09426, 1541274317.82844, 
1541274318.44532, 1541274319.07372, 1541274319.6475, 1541274319.98515, 
1541274320.00078, 1541274320.36388, 1541274322.42225, 1541274323.48634, 
1541274323.77241, 1541274323.79443, 1541274325.67153, 1541274325.8813, 
1541274327.62282, 1541274329.66997, 1541274329.8928, 1541274331.44419, 
1541274332.37968, 1541274336.00387, 1541274336.34858, 1541274337.7476, 
1541274343.17474, 1541274345.22531, 1541274345.56312, 1541274346.31114, 
1541274346.49413, 1541274346.86593, 1541274350.40303, 1541274351.63925, 
1541274353.47737, 1541274355.34351, 1541274356.21902, 1541274357.39303, 
1541274358.10365, 1541274359.18315, 1541274359.60558, 1541274361.1309, 
1541274361.34324, 1541274365.11035, 1541274366.77918, 1541274370.42248, 
1541274370.45085, 1541274371.37149, 1541274373.11075, 1541274374.51536, 
1541274375.76745, 1541274376.38956, 1541274377.18499, 1541274378.62489, 
1541274379.47336, 1541274379.5193, 1541274380.12639, 1541274380.36287, 
1541274383.89328, 1541274384.5853, 1541274384.63842, 1541274385.85601, 
1541274386.08813, 1541274386.3771, 1541274388.00586, 1541274390.3507, 
1541274391.04515, 1541274391.83047, 1541274393.02879, 1541274393.95234, 
1541274394.2754, 1541274394.39602, 1541274395.34191, 1541274397.58431, 
1541274397.9162, 1541274398.46307, 1541274399.73503, 1541274400.43496, 
1541274402.25664, 1541274403.57368, 1541274403.62226, 1541274403.89664, 
1541274407.78648, 1541274408.17267, 1541274409.3594, 1541274410.56738, 
1541274413.67263, 1541274413.68829, 1541274413.85777, 1541274413.91924, 
1541274414.55128, 1541274415.09965, 1541274415.7542, 1541274416.34053, 
1541274416.38303, 1541274416.74185, 1541274418.46278, 1541274418.6095, 
1541274418.67708, 1541274419.08002, 1541274419.41985, 1541274419.78081, 
1541274421.60938, 1541274421.84076, 1541274422.84276, 1541274423.53341, 
1541274423.5641, 1541274424.2494, 1541274427.11375, 1541274427.16611, 
1541274427.41399, 1541274428.60411, 1541274428.82612, 1541274428.85724, 
1541274429.27435, 1541274430.35917, 1541274430.39392, 1541274430.96008, 
1541274433.00191, 1541274433.7657, 1541274435.21456, 1541274436.60403, 
1541274437.79074, 1541274438.05921, 1541274438.07518, 1541274439.21075, 
1541274439.68055, 1541274441.5633, 1541274443.17152, 1541274443.20873, 
1541274443.67758, 1541274444.07176, 1541274444.74116, 1541274446.82925, 
1541274446.99, 1541274448.48435, 1541274450.45306, 1541274450.98501, 
1541274452.7412, 1541274453.55846, 1541274453.8064, 1541274455.34662, 
1541274455.51661, 1541274456.41431, 1541274456.69513, 1541274457.91461, 
1541274458.18952, 1541274458.63946, 1541274458.98712, 1541274459.77328, 
1541274460.60583, 1541274461.92684, 1541274462.91198, 1541274463.35168, 
1541274463.6143, 1541274463.7672, 1541274464.25279, 1541274464.26842, 
1541274464.31528, 1541274464.53168, 1541274464.90714, 1541274465.72588, 
1541274466.05726, 1541274466.43831, 1541274466.68802, 1541274466.96128, 
1541274467.57735, 1541274467.79338, 1541274469.35117, 1541274470.83474, 
1541274472.41086, 1541274472.87636, 1541274473.99658, 1541274475.08438, 
1541274476.55149, 1541274476.8056, 1541274477.00536, 1541274482.13049, 
1541274483.10102, 1541274483.98707, 1541274484.01771, 1541274484.2339, 
1541274485.98416, 1541274486.02175, 1541274486.15243, 1541274487.36188, 
1541274487.68839, 1541274488.89466, 1541274489.36436, 1541274489.61467, 
1541274489.81472, 1541274490.33117, 1541274490.47987, 1541274491.51785, 
1541274492.68192, 1541274494.422, 1541274494.83864, 1541274495.42333, 
1541274495.89313, 1541274496.25086, 1541274496.29789, 1541274496.34725, 
1541274497.97518, 1541274500.79621, 1541274506.30305, 1541274507.70572, 
1541274508.04383, 1541274508.69799, 1541274508.79162, 1541274509.31088, 
1541274510.01751, 1541274510.99676, 1541274511.69416, 1541274512.4823, 
1541274513.13035, 1541274513.73124, 1541274515.83394, 1541274517.12102, 
1541274519.59562, 1541274521.00021, 1541274523.7748, 1541274523.97492, 
1541274524.61326, 1541274525.33043, 1541274526.34232, 1541274526.85881, 
1541274527.96079, 1541274530.40341, 1541274530.46574, 1541274531.821, 
1541274531.9615, 1541274532.52271, 1541274533.25562, 1541274533.32446, 
1541274535.37372, 1541274535.63206, 1541274537.18705, 1541274538.64051, 
1541274540.24954, 1541274542.95447, 1541274543.39641, 1541274543.71976, 
1541274543.751, 1541274546.35482, 1541274547.19893, 1541274549.05864, 
1541274549.40632, 1541274549.86374, 1541274550.59913, 1541274550.66092, 
1541274551.93257, 1541274551.96999, 1541274555.50122, 1541274558.46134, 
1541274559.12255, 1541274561.18172, 1541274562.08308, 1541274562.395, 
1541274562.45233, 1541274562.55257, 1541274565.53229, 1541274566.26071, 
1541274567.46478, 1541274568.43451, 1541274569.39911, 1541274572.72281, 
1541274572.75389, 1541274573.64487, 1541274574.71514, 1541274578.16692, 
1541274579.64559, 1541274579.77029, 1541274580.75644, 1541274581.23243, 
1541274582.3145, 1541274583.04731, 1541274583.60166, 1541274583.66903, 
1541274584.2648, 1541274584.48376, 1541274584.88887, 1541274585.73627, 
1541274585.9836, 1541274586.02095, 1541274586.9378, 1541274587.85489, 
1541274588.35805, 1541274592.24798, 1541274592.31658, 1541274592.37907, 
1541274592.95629, 1541274593.66724, 1541274595.50032, 1541274597.13145, 
1541274597.68999, 1541274598.11238, 1541274598.15908, 1541274599.00718, 
1541274600.78908, 1541274600.86326, 1541274602.95273, 1541274603.40909, 
1541274605.97573, 1541274606.37651, 1541274606.96158, 1541274607.74725, 
1541274608.3317, 1541274608.37958, 1541274608.81122, 1541274610.19703, 
1541274610.86736, 1541274611.55212, 1541274614.5076, 1541274614.57642, 
1541274615.64416, 1541274616.43035, 1541274616.49919, 1541274617.70573, 
1541274618.14362, 1541274619.95441, 1541274620.40812, 1541274621.00892, 
1541274623.8597, 1541274626.54968, 1541274627.38509, 1541274628.85581, 
1541274630.13874, 1541274631.01239, 1541274634.29808, 1541274634.55596, 
1541274635.76958, 1541274636.54033, 1541274637.05691, 1541274637.86351, 
1541274638.06084, 1541274639.76343, 1541274640.31066, 1541274640.49625, 
1541274641.16753, 1541274641.43449, 1541274646.59925, 1541274646.80865, 
1541274647.36245, 1541274649.52863, 1541274650.6889, 1541274651.11746, 
1541274651.18942, 1541274651.67479, 1541274651.70832, 1541274653.56203, 
1541274653.72816, 1541274653.89361, 1541274654.14718, 1541274655.41181, 
1541274655.64334, 1541274656.44466, 1541274658.73271, 1541274658.80155, 
1541274660.25039, 1541274660.75125, 1541274661.72136, 1541274661.7902, 
1541274662.02193, 1541274662.73842, 1541274663.69309, 1541274664.53196, 
1541274664.57856, 1541274664.84176, 1541274665.19517, 1541274666.03056, 
