sold_tickets <-
structure(list(time = structure(c(1542488440.21767, 1542488441.54127, 
1542488443.39911, 1542488452.83702, 1542488466.29318, 1542488471.71843, 
1542488483.58257, 1542488485.40279, 1542488489.86574, 1542488490.42261, 
1542488490.64983, 1542488496.90136, 1542488503.87376, 1542488509.83481, 
1542488512.39983, 1542488518.3096, 1542488525.34349, 1542488527.64228, 
1542488532.57663, 1542488533.39498, 1542488538.0422, 1542488539.64166, 
1542488540.95721, 1542488545.54459, 1542488546.01694, 1542488570.49313, 
1542488571.43308, 1542488572.62816, 1542488580.21145, 1542488590.09085, 
1542488599.71968, 1542488600.70742, 1542488606.0836, 1542488607.90353, 
1542488610.39025, 1542488614.34816, 1542488628.30449, 1542488631.33493, 
1542488631.39728, 1542488646.27289, 1542488666.32272, 1542488670.06305, 
1542488670.98679, 1542488672.67464, 1542488673.76088, 1542488678.47585, 
1542488685.12724, 1542488701.01064, 1542488702.1802, 1542488702.95991, 
1542488713.2415, 1542488720.67553, 1542488738.84995, 1542488739.9099, 
1542488746.87919, 1542488749.14595, 1542488752.87686, 1542488764.75757, 
1542488765.53331, 1542488768.1264, 1542488774.40093, 1542488775.39397, 
1542488785.65442, 1542488792.63495, 1542488793.08352, 1542488806.31956, 
1542488811.83667, 1542488812.51725, 1542488815.99512, 1542488823.47153, 
1542488826.90886, 1542488830.17551, 1542488830.73168, 1542488833.47585, 
1542488834.76778, 1542488834.95392, 1542488852.77828, 1542488854.06909, 
1542488882.7227, 1542488890.05354, 1542488896.0319, 1542488897.34621, 
1542488899.00001, 1542488900.00079, 1542488900.62408, 1542488906.10624, 
1542488908.431, 1542488915.03677, 1542488920.01294, 1542488925.31892, 
1542488925.8214, 1542488927.98764, 1542488935.49469, 1542488955.02045, 
1542488961.53597, 1542488961.7031, 1542488974.14832, 1542488981.41954, 
1542488991.08806, 1542488994.34499), class = c("POSIXct", "POSIXt"
)), price = c(100, 100, 115, 115, 115, 115, 115, 115, 115, 115, 
115, 115, 115, 115, 115, 115, 115, 115, 115, 115, 115, 115, 115, 
115, 115, 115, 115, 115, 115, 115, 115, 115, 115, 115, 115, 115, 
115, 115, 115, 115, 115, 115, 115, 115, 115, 115, 115, 115, 115, 
115, 115, 115, 115, 115, 115, 115, 115, 115, 115, 115, 115, 115, 
115, 115, 115, 115, 115, 115, 115, 115, 115, 115, 115, 115, 115, 
115, 125, 115, 125, 115, 115, 115, 115, 115, 125, 125, 125, 125, 
125, 125, 125, 125, 125, 125, 125, 125, 125, 125, 125, 125), 
    ongoing_time = c(0, 0.02, 0.05, 0.21, 0.43, 0.53, 0.72, 0.75, 
    0.83, 0.84, 0.84, 0.94, 1.06, 1.16, 1.2, 1.3, 1.42, 1.46, 
    1.54, 1.55, 1.63, 1.66, 1.68, 1.76, 1.76, 2.17, 2.19, 2.21, 
    2.33, 2.5, 2.66, 2.67, 2.76, 2.79, 2.84, 2.9, 3.13, 3.19, 
    3.19, 3.43, 3.77, 3.83, 3.85, 3.87, 3.89, 3.97, 4.08, 4.35, 
    4.37, 4.38, 4.55, 4.67, 4.98, 4.99, 5.11, 5.15, 5.21, 5.41, 
    5.42, 5.47, 5.57, 5.59, 5.76, 5.87, 5.88, 6.1, 6.19, 6.2, 
    6.26, 6.39, 6.44, 6.5, 6.51, 6.55, 6.58, 6.58, 6.88, 6.9, 
    7.38, 7.5, 7.6, 7.62, 7.65, 7.66, 7.67, 7.76, 7.8, 7.91, 
    8, 8.09, 8.09, 8.13, 8.25, 8.58, 8.69, 8.69, 8.9, 9.02, 9.18, 
    9.24), capacity = c(99, 98, 97, 96, 95, 94, 93, 92, 91, 90, 
    89, 88, 87, 86, 85, 84, 83, 82, 81, 80, 79, 78, 77, 76, 75, 
    74, 73, 72, 71, 70, 69, 68, 67, 66, 65, 64, 63, 62, 61, 60, 
    59, 58, 57, 56, 55, 54, 53, 52, 51, 50, 49, 48, 47, 46, 45, 
    44, 43, 42, 41, 40, 39, 38, 37, 36, 35, 34, 33, 32, 31, 30, 
    29, 28, 27, 26, 25, 24, 23, 22, 21, 20, 19, 18, 17, 16, 15, 
    14, 13, 12, 11, 10, 9, 8, 7, 6, 5, 4, 3, 2, 1, 0), opt_price = c(115, 
    115, 115, 115, 115, 115, 115, 115, 115, 115, 115, 115, 115, 
    115, 115, 115, 115, 115, 115, 115, 115, 115, 115, 115, 115, 
    115, 115, 115, 115, 115, 115, 115, 115, 115, 115, 115, 115, 
    115, 115, 115, 115, 115, 115, 115, 115, 115, 115, 115, 115, 
    115, 115, 115, 115, 115, 115, 115, 115, 115, 115, 115, 115, 
    115, 115, 115, 115, 115, 115, 115, 115, 115, 115, 115, 115, 
    115, 115, 125, 115, 125, 115, 115, 115, 115, 115, 125, 125, 
    125, 125, 125, 125, 125, 125, 125, 125, 125, 125, 125, 125, 
    125, 125, 125), future_intensity = c(9.9, 9.82, 9.75, 9.81, 
    9.93, 9.93, 10.02, 9.95, 9.92, 9.83, 9.72, 9.71, 9.73, 9.73, 
    9.66, 9.66, 9.67, 9.6, 9.57, 9.47, 9.44, 9.35, 9.25, 9.22, 
    9.1, 9.45, 9.35, 9.24, 9.26, 9.33, 9.4, 9.28, 9.25, 9.15, 
    9.08, 9.01, 9.17, 9.1, 8.96, 9.13, 9.47, 9.4, 9.27, 9.14, 
    9, 8.96, 8.95, 9.2, 9.06, 8.9, 8.99, 9.01, 9.36, 9.18, 9.2, 
    9.07, 8.98, 9.15, 8.95, 8.83, 8.8, 8.62, 8.73, 8.72, 8.5, 
    8.72, 8.66, 8.42, 8.29, 8.31, 8.15, 8, 7.74, 7.54, 7.31, 
    7.02, 7.37, 7.1, 8.02, 8, 7.92, 7.56, 7.23, 6.84, 6.44, 6.25, 
    5.91, 5.74, 5.5, 5.24, 4.71, 4.28, 4, 4.23, 3.82, 3.05, 2.73, 
    2.04, 1.22, 0)), .Names = c("time", "price", "ongoing_time", 
"capacity", "opt_price", "future_intensity"), row.names = c(NA, 
100L), class = "data.frame")
price_changes <-
structure(list(time = structure(c(1542488431.39969, 1542488441.54127, 
1542488834.95392, 1542488845.08349, 1542488852.77828, 1542488854.06909, 
1542488864.22611, 1542488874.37167, 1542488882.7227, 1542488900.00079
), class = c("POSIXct", "POSIXt")), price = c(100, 115, 125, 
125, 115, 125, 125, 125, 115, 125)), .Names = c("time", "price"
), row.names = c(NA, 10L), class = "data.frame")
result <-
structure(list(problems = structure(list(time = structure(logical(0), class = c("POSIXct", 
"POSIXt")), problem = character(0)), .Names = c("time", "problem"
), row.names = integer(0), class = "data.frame"), n_signals = 10, 
    pnl = 11650, score = 99), .Names = c("problems", "n_signals", 
"pnl", "score"))
