trades_df <-
structure(list(time = structure(c(1540329295.67729, 1540329295.77699, 
1540329295.81987, 1540329296.2896, 1540329297.3686, 1540329297.60582, 
1540329297.80416, 1540329297.84598, 1540329297.89086, 1540329298.20195, 
1540329299.19763, 1540329299.88285, 1540329300.09827, 1540329301.18819, 
1540329301.61754, 1540329302.29457, 1540329303.17812, 1540329304.27099, 
1540329304.59346, 1540329304.8469, 1540329305.28575, 1540329305.39844, 
1540329306.01003, 1540329306.08847, 1540329306.85364, 1540329307.03524, 
1540329307.6862, 1540329307.90559, 1540329308.33764, 1540329308.40123, 
1540329308.54316, 1540329308.58306, 1540329308.79698, 1540329309.02022, 
1540329309.31183, 1540329309.877, 1540329310.09071, 1540329310.76261, 
1540329310.95768, 1540329311.86764, 1540329312.94878, 1540329313.18697, 
1540329314.05407, 1540329314.11781, 1540329314.51969, 1540329314.73656, 
1540329315.83993, 1540329315.96796, 1540329316.71519, 1540329316.91492, 
1540329317.1493, 1540329318.26766, 1540329318.60495, 1540329318.93772, 
1540329319.90206, 1540329320.55281, 1540329321.49091, 1540329321.86198, 
1540329321.90675, 1540329322.57642, 1540329323.45748, 1540329324.41347, 
1540329325.96607, 1540329326.44467, 1540329326.54228, 1540329326.8749, 
1540329327.24461, 1540329327.635, 1540329328.13352, 1540329328.51905, 
1540329329.24311, 1540329329.88887, 1540329330.92919, 1540329331.82511, 
1540329332.71397, 1540329333.80316, 1540329334.73321, 1540329334.95847, 
1540329335.2447, 1540329335.63654, 1540329336.72258, 1540329336.80436, 
1540329337.40115, 1540329337.46, 1540329337.50687, 1540329338.27416, 
1540329338.5041, 1540329338.67051, 1540329339.60759, 1540329340.73596, 
1540329341.78765, 1540329342.14558, 1540329342.68435, 1540329343.1092, 
1540329343.80407, 1540329343.84883, 1540329344.10872, 1540329344.14947, 
1540329344.66897, 1540329344.76963, 1540329345.05068, 1540329346.11345, 
1540329346.97771, 1540329347.18015, 1540329347.6457, 1540329347.86801, 
1540329348.50487, 1540329349.37752, 1540329349.41741, 1540329349.62393, 
1540329350.03507, 1540329351.14482, 1540329351.56529, 1540329351.65295, 
1540329351.92358, 1540329352.3779, 1540329352.43918, 1540329352.48506, 
1540329353.03457, 1540329353.26596, 1540329353.48625, 1540329353.59658, 
1540329353.94024, 1540329354.24913, 1540329354.51398, 1540329354.58842, 
1540329354.74749, 1540329354.97357, 1540329355.19972, 1540329355.31199, 
1540329355.35085, 1540329355.42748, 1540329355.53744, 1540329356.28328, 
1540329356.50989, 1540329356.97251, 1540329357.61619, 1540329357.72742, 
1540329357.90463, 1540329358.67659, 1540329358.89254, 1540329359.80061, 
1540329360.45508, 1540329360.86874, 1540329361.10752, 1540329361.1644, 
1540329361.32438, 1540329361.75073, 1540329361.94646, 1540329362.634, 
1540329362.69281, 1540329363.07931, 1540329363.17306, 1540329364.06301, 
1540329364.876, 1540329365.54067, 1540329365.58747, 1540329365.95197, 
1540329366.64005, 1540329367.30305, 1540329368.38688, 1540329368.83898, 
1540329369.27254, 1540329371.26865, 1540329372.12893, 1540329372.34509, 
1540329372.82513, 1540329372.91445, 1540329373.10307, 1540329373.89952, 
1540329373.99234, 1540329374.22629, 1540329374.61839, 1540329375.19006, 
1540329375.25589, 1540329375.41197, 1540329376.28328, 1540329377.38235, 
1540329377.47357, 1540329378.25837, 1540329378.60427, 1540329379.35075, 
1540329380.03409, 1540329380.28995, 1540329381.32156, 1540329382.40048, 
1540329382.62162, 1540329382.90889, 1540329383.26973, 1540329384.22455, 
1540329385.35048, 1540329385.78818, 1540329386.4389, 1540329386.66223, 
1540329387.55617, 1540329387.62399, 1540329387.98922, 1540329388.42228, 
1540329389.30622, 1540329389.39759, 1540329390.38675, 1540329390.96272, 
1540329391.85978, 1540329391.92797, 1540329392.04407, 1540329393.13647, 
1540329394.03214, 1540329395.13201, 1540329395.36619, 1540329396.01821, 
1540329396.10748, 1540329396.68733, 1540329397.81206, 1540329398.88463, 
1540329399.10532, 1540329400.21436, 1540329400.48983, 1540329400.86988, 
1540329401.54085, 1540329401.60472, 1540329401.94265, 1540329402.41902, 
1540329403.09782, 1540329403.39971, 1540329403.74596, 1540329404.87056, 
1540329406.86815, 1540329406.93188, 1540329407.52117, 1540329407.9736, 
1540329408.18427, 1540329408.62152, 1540329409.62572, 1540329409.71275, 
1540329410.60593, 1540329411.50311, 1540329412.57216, 1540329413.46848, 
1540329414.33425, 1540329414.40307, 1540329415.2721, 1540329415.45329, 
1540329416.55187, 1540329417.46598, 1540329418.11813, 1540329418.19044, 
1540329419.00221, 1540329419.25366, 1540329419.51099, 1540329419.55289, 
1540329419.62295, 1540329419.72799, 1540329420.16029, 1540329420.36482, 
1540329420.81072, 1540329422.36547, 1540329422.80595, 1540329422.84785, 
1540329423.03657, 1540329423.54216, 1540329423.62552, 1540329423.96288, 
1540329424.92433, 1540329426.08159, 1540329426.88741, 1540329427.67337, 
1540329427.7751, 1540329428.00063, 1540329428.90178, 1540329429.09365, 
1540329429.65738, 1540329430.06272, 1540329430.25873, 1540329430.64995, 
1540329430.72616, 1540329431.43146, 1540329431.67429, 1540329434.2591, 
1540329434.59249, 1540329434.98438, 1540329435.62484, 1540329435.70777, 
1540329436.5333, 1540329436.5772, 1540329437.60138, 1540329437.81603, 
1540329438.70966, 1540329439.15179, 1540329439.37825, 1540329439.57922, 
1540329439.79232, 1540329439.86614, 1540329440.46063, 1540329441.14135, 
1540329441.20419, 1540329441.77603, 1540329442.0019, 1540329442.32352, 
1540329442.89534, 1540329443.13244, 1540329444.00576, 1540329444.09161, 
1540329444.61572, 1540329444.65758, 1540329445.75643, 1540329446.41391, 
1540329446.4548, 1540329447.31431, 1540329447.54341, 1540329448.42694, 
1540329449.52025, 1540329450.39574, 1540329451.4325, 1540329452.04807, 
1540329452.72699, 1540329453.62544, 1540329454.51181, 1540329456.49662, 
1540329457.5961, 1540329458.48406, 1540329459.14876, 1540329459.36313, 
1540329460.25871, 1540329461.34354, 1540329462.23607, 1540329463.33542, 
1540329464.22043, 1540329464.88592, 1540329465.77659, 1540329466.87334, 
1540329467.28806, 1540329467.55466, 1540329467.77607, 1540329467.87991, 
1540329468.48411, 1540329468.90775, 1540329469.38924, 1540329469.72467, 
1540329470.61957, 1540329470.70335, 1540329471.91173, 1540329473.89178, 
1540329474.10991, 1540329474.19656, 1540329474.94099, 1540329475.3054, 
1540329477.28142, 1540329477.49722, 1540329478.77617, 1540329479.47868, 
1540329480.2662, 1540329480.5834, 1540329480.79422, 1540329481.67934, 
1540329482.77414, 1540329483.67876, 1540329484.65121, 1540329485.76484, 
1540329485.84088, 1540329485.94575, 1540329486.03064, 1540329486.08051, 
1540329486.86331, 1540329487.96983, 1540329488.605, 1540329489.95801, 
1540329490.14692, 1540329490.59668, 1540329490.96408, 1540329491.84529, 
1540329492.06584, 1540329492.13067, 1540329493.05662, 1540329493.47338, 
1540329494.14252, 1540329494.93678, 1540329495.08397, 1540329496.02377, 
1540329496.4808, 1540329497.35709, 1540329497.4198, 1540329498.34249, 
1540329498.78606, 1540329499.21619, 1540329499.66734, 1540329500.56659, 
1540329501.63959, 1540329502.09122, 1540329502.31722, 1540329503.43916, 
1540329503.50299, 1540329503.8671, 1540329504.76591, 1540329504.97043, 
1540329505.61614, 1540329506.73282, 1540329507.38371, 1540329507.42959, 
1540329507.81182, 1540329507.99291, 1540329508.08068, 1540329508.93164, 
1540329509.14862, 1540329509.1945, 1540329509.23838, 1540329509.30939, 
1540329509.57662, 1540329509.79898, 1540329509.86742, 1540329510.73474, 
1540329511.40515, 1540329511.44904, 1540329511.86416, 1540329512.95577, 
1540329513.37536, 1540329513.6036, 1540329514.56114, 1540329515.02526, 
1540329515.22056, 1540329515.55302, 1540329515.63216, 1540329515.69799, 
1540329516.1382, 1540329516.62347, 1540329517.05484, 1540329517.9423, 
1540329518.16702, 1540329518.39107, 1540329519.45872, 1540329520.13547, 
